CS201 "Alice Smith" 35 55 38 52 40 60 39 51 37 53
CS202 "Bob Johnson" 10 15 20 20 05 10 12 08 15 15
CS203 "Charlie High" 40 60 40 60 40 60 40 60 40 60
CS204 "David Miller" 25 35 28 42 30 30 22 28 31 39
CS205 "Eve Adams" 38 58 39 59 40 60 37 57 39 59
CS206 "Frank Lower" 02 05 10 12 08 04 06 09 03 05
CS207 "Grace Hopper" 36 54 37 53 35 55 38 52 36 54
CS208 "Heidi Montana" 40 60 39 59 40 60 40 60 39 60
CS209 "Ivan Terrible" 20 30 25 25 22 28 30 20 24 26
CS210 "Julia Roberts" 30 45 32 48 31 44 33 47 30 46
CS211 "Kevin Spacey" 15 20 18 22 10 15 12 18 14 21
CS212 "Laura Palmer" 37 53 38 52 36 54 39 51 35 55
CS213 "Mallory Knox" 40 50 38 52 39 51 40 55 37 53
CS214 "Niaj Student" 05 08 02 04 07 10 03 05 06 09
CS215 "Oscar Wilde" 32 48 30 45 31 44 34 46 33 47
CS216 "Peggy Carter" 39 59 40 60 38 58 39 59 40 60
CS217 "Quinn Fabray" 34 52 35 51 34 53 36 50 35 52
CS218 "Riley Reid" 30 46 31 45 32 47 30 44 31 46
CS219 "Sarah Connor" 28 42 27 43 28 41 29 40 27 42
CS220 "Tony Stark" 26 38 25 39 26 37 25 38 26 39
CS221 "Uma Thurman" 24 35 23 34 22 36 24 33 23 35
CS222 "Victor Von" 22 31 21 32 20 33 21 30 22 31
CS223 "Wendy Wu" 20 30 21 29 20 31 21 29 20 30
CS224 "Xander Cage" 15 25 18 22 16 24 17 23 16 24
CS225 "Yara Grey" 36 50 37 51 35 49 36 50 37 51
CS226 "Zack Morris" 25 31 26 30 24 32 25 31 26 30
CS227 "Arthur Pendragon" 38 58 37 57 39 59 38 58 37 57
CS228 "Betty Cooper" 34 51 35 50 34 52 35 51 34 52
CS229 "Clark Kent" 29 41 30 42 29 43 30 42 29 41
CS230 "Diana Prince" 31 46 32 47 31 46 32 47 31 46
CS231 "Edward Elric" 27 38 26 39 27 38 26 39 27 38
CS232 "Faye Valentine" 23 34 22 35 23 34 22 35 23 34
CS233 "Geralt Rivia" 20 31 21 30 20 31 21 30 20 31
CS234 "Hank Pym" 39 59 40 60 39 59 40 60 39 59
CS211 "Duplicate ID" 30 40 30 40 30 40 30 40 30 40
CS235 "Invalid123 Name" 35 55 35 55 35 55 35 55 35 55
CS236# "Special Char ID" 30 40 30 40 30 40 30 40 30 40
CS237 "Out Of Range" 45 65 30 40 30 40 30 40 30 40
CS238 "Negative Marks" 30 40 30 -5 30 40 30 40 30 40
CS239 "Incomplete Data" 30 40 30